2562
3939
8008
7686
5990
2200
7087
2256
4732
4829
6620
930
6705
7621
2348
7503
8634
7239
8463
7277
6753
1613
4619
1715
6939
4982
8783
3747
3148
9114
9047
6002
7735
2152
6130
5556
1176
2178
8120
3424
6235
4624
2344
462
1816
9528
517
9602
1368
980
5827
7441
5903
6064
1446
1985
5509
9584
8571
5403
7543
7491
4929
992
8066
7707
1479
4002
467
3608
4349
526
43
1179
6804
181
3384
1216
8754
8112
2535
3867
7047
4986
2869
4423
5817
4042
1900
6404
9357
6970
6763
9014
2464
7410
3282
5722
8952
3375
3658
2748
4755
9605
8110
8270
4712
8678
7880
672
5437
6910
7948
8715
1913
7234
602
8461
1021
1759
7448
4043
2655
6627
2756
169
2615
4348
9909
3186
6457
601
5975
7017
9049
232
7777
9365
6731
5613
2157
3627
4077
2941
2068
4446
2601
9703
8036
5820
8572
7574
1772
6175
6207
2131
4620
1803
7822
6298
9546
1566
895
9038
1732
4401
715
1606
5381
3405
2720
1545
7303
7905
4858
9440
2537
5242
3765
6071
7495
2573
6564
3919
1906
7320
330
1875
8843
3430
7158
6500
8903
6521
2007
2684
8725
9424
3930
4145
